0.0 71.77
10.0 70.83
20.0 69.25
30.0 68.38
40.0 67.11
50.0 66.29
60.0 65.49
70.0 64.13
80.0 63.37
90.0 62.64
100.0 61.91
110.0 61.03
120.0 60.33
130.0 59.49
140.0 58.82
150.0 58.17
160.0 57.53
170.0 57.05
180.0 56.43
190.0 55.97
200.0 55.21
210.0 54.62
220.0 54.17
230.0 53.74
240.0 53.02
250.0 52.74
260.0 52.32
270.0 51.77
280.0 51.36
290.0 50.95
300.0 50.68
310.0 50.15
320.0 49.88
330.0 49.49
340.0 49.10
350.0 48.72
360.0 48.46
370.0 48.08
380.0 47.83
390.0 47.58
400.0 47.21
410.0 46.84
420.0 46.59
430.0 46.35
440.0 46.11
450.0 45.86
460.0 45.62
470.0 45.39
480.0 45.03
490.0 44.91
500.0 44.56
510.0 44.33
520.0 44.21
530.0 43.98
540.0 43.86
550.0 43.63
560.0 43.40
570.0 43.29
580.0 43.18
590.0 42.95
600.0 42.72
610.0 42.61
620.0 42.39
630.0 42.27
640.0 42.16
650.0 41.94
660.0 41.72
670.0 41.61
680.0 41.50
690.0 41.39
700.0 41.28
710.0 41.06
720.0 40.95
730.0 40.73
740.0 40.63
750.0 40.41
760.0 40.30
770.0 40.19
780.0 40.09
790.0 39.98
800.0 39.87
810.0 39.77

